# D_l  z_obs  sigma_D_l  sigma_z  v_rms
1.853295786209703238e+02 6.397764906038853894e-02 5.936545669499999889e+01 5.286699838616411296e-03 5.000000000000000000e+02
1.470904481505079104e+02 4.543333369129935045e-02 4.806708610249999936e+01 5.229015798967555362e-03 5.000000000000000000e+02
2.204568599654958518e+02 4.462578594448263214e-02 4.566208510999999959e+01 5.216923945478595635e-03 5.000000000000000000e+02
1.985444357622190523e+02 5.363812513017649636e-02 4.985729014999999720e+01 5.238016579060878093e-03 5.000000000000000000e+02
1.560660328393464624e+02 6.833436640759403546e-02 6.533930184000000452e+01 5.317898243570511572e-03 5.000000000000000000e+02
2.876569161415570761e+02 8.052955819572488183e-02 7.324880249250000475e+01 5.359870471608102482e-03 5.000000000000000000e+02
1.649514863716101161e+02 2.485324852761621600e-02 3.165432267999999993e+01 5.147833945081622432e-03 5.000000000000000000e+02
3.782355071403011380e+02 1.062895664732970286e-01 9.683135314749999623e+01 5.490418737511795072e-03 5.000000000000000000e+02
1.999227603010574228e+02 3.195816105279771641e-02 4.378664069250000068e+01 5.207494594225178623e-03 5.000000000000000000e+02
1.562471547011350594e+02 4.046058348226930224e-02 4.762498126250000041e+01 5.226792986183398902e-03 5.000000000000000000e+02
1.947006204047835922e+02 4.258938724781338031e-02 4.654436720500000035e+01 5.221359879543463305e-03 5.000000000000000000e+02
2.844850926897507293e+02 5.460883950043780161e-02 6.200572390500000353e+01 5.300307311012639015e-03 5.000000000000000000e+02
1.112249411004698629e+02 4.346967432010100107e-02 4.257349504999999823e+01 5.201395145860863468e-03 5.000000000000000000e+02
2.492230897529066169e+02 4.262220376264110044e-02 4.822027079000000072e+01 5.229785980270506077e-03 5.000000000000000000e+02
2.635237177926495633e+02 5.260240839268905816e-02 5.505179846000000055e+01 5.264479977255533301e-03 5.000000000000000000e+02
8.745871706958253355e+01 1.941377999594668877e-02 2.265945167750000167e+01 5.104759081112725423e-03 5.000000000000000000e+02
6.190520020025538628e+01 1.188365364555918693e-02 1.748557703999999902e+01 5.080466476387994652e-03 5.000000000000000000e+02
1.243358476284339247e+02 3.645788119967054153e-02 3.610562451999999922e+01 5.169623327306522957e-03 5.000000000000000000e+02
2.957151384469341906e+02 8.613770927994307547e-02 8.720930065000000297e+01 5.436190110521633111e-03 5.000000000000000000e+02
2.364036683996322097e+02 5.871582853935112395e-02 5.360962717499999997e+01 5.257051283495945034e-03 5.000000000000000000e+02
1.986425716179377901e+02 5.304205690453224487e-02 4.747738661750000233e+01 5.226050910471720032e-03 5.000000000000000000e+02
7.783004248716274276e+01 2.229062815110508661e-02 2.029491383499999912e+01 5.093594495707707420e-03 5.000000000000000000e+02
1.252698238800077348e+02 2.317744154500457968e-02 2.222943470499999918e+01 5.102699805044218391e-03 5.000000000000000000e+02
2.797148458220787006e+02 7.397219805601362719e-02 7.706910614500000634e+01 5.380520705326620641e-03 5.000000000000000000e+02
1.080541755459888407e+02 3.431545870953837951e-02 2.882585540499999865e+01 5.134288910019170135e-03 5.000000000000000000e+02
1.620038414676149330e+02 3.648241901812417087e-02 3.649829916249999684e+01 5.171550210873689622e-03 5.000000000000000000e+02
4.200748306082959971e+02 8.110973050202298362e-02 7.509563502999999685e+01 5.369853322974742389e-03 5.000000000000000000e+02
2.032377479826565150e+02 4.701865074493757901e-02 4.456382355499999903e+01 5.211402110827785712e-03 5.000000000000000000e+02
2.249898202417705022e+02 5.286751232647422111e-02 5.615486862499999887e+01 5.270161944811225553e-03 5.000000000000000000e+02
1.660640219134079985e+02 6.225302177136576159e-02 7.134399817499999585e+01 5.349584380903758297e-03 5.000000000000000000e+02
7.212101739326269012e+01 1.943126986666585815e-02 2.294344862000000163e+01 5.106119092797425235e-03 5.000000000000000000e+02
2.722749506448663510e+02 4.305667384753464333e-02 4.170923532749999652e+01 5.197120660755470689e-03 5.000000000000000000e+02
3.316365823773216448e+02 5.864216746916205147e-02 6.520464228250000360e+01 5.317187659555244750e-03 5.000000000000000000e+02
3.725017392755436276e+02 5.960890804219341754e-02 6.106745357749999670e+01 5.295466906544730318e-03 5.000000000000000000e+02
2.768264896992751574e+02 4.091597940953742296e-02 5.491776754749999867e+01 5.263789577568868221e-03 5.000000000000000000e+02
1.700952036616451437e+02 3.609508830493433212e-02 3.072607866499999929e+01 5.143388746849768267e-03 5.000000000000000000e+02
2.704324319986743035e+02 3.569206826272866562e-02 4.043909633250000013e+01 5.190887994592203666e-03 5.000000000000000000e+02
2.234928703844761628e+02 5.560990299144260435e-02 5.556420242499999773e+01 5.267119394762160255e-03 5.000000000000000000e+02
5.013837754743299229e+02 1.085372594608286362e-01 1.049553519149999943e+02 5.537367261560541092e-03 5.000000000000000000e+02
3.141456871322826032e+02 6.446920142032259993e-02 6.545482688250000081e+01 5.318507856806196400e-03 5.000000000000000000e+02
9.804207396922467410e+01 3.309232863736207009e-02 2.965151490499999909e+01 5.138242848951395624e-03 5.000000000000000000e+02
2.962694745063798223e+02 9.486623245548327088e-02 8.943834099500000434e+01 5.448531429158432263e-03 5.000000000000000000e+02
5.600023037183166252e+01 3.199705859515714762e-02 3.002126111000000108e+01 5.140013498856097623e-03 5.000000000000000000e+02
1.774623066470728077e+02 3.689705641311811363e-02 3.596047060499999759e+01 5.168911046289998736e-03 5.000000000000000000e+02
1.288644310645564985e+02 2.120892453542184281e-02 3.503162177250000298e+01 5.164353116243049040e-03 5.000000000000000000e+02
1.336302829933792395e+02 3.759125788362839560e-02 4.021691781749999706e+01 5.189797748156107712e-03 5.000000000000000000e+02
2.700761180328857449e+02 8.802731933130790443e-02 9.249921920750000481e+01 5.465852917425647814e-03 5.000000000000000000e+02
1.955924711218010543e+02 3.617434073192728194e-02 4.122293495750000147e+01 5.194734348805979222e-03 5.000000000000000000e+02
1.754234460655838177e+02 6.442949419032170666e-02 5.954487788250000335e+01 5.287624045796086858e-03 5.000000000000000000e+02
2.245307248016450501e+02 5.910605048355769414e-02 6.342781715999999648e+01 5.307811544310160265e-03 5.000000000000000000e+02
3.877018816906165455e+01 1.116481221119117878e-02 9.027795160000000152e+00 5.041163079992840024e-03 5.000000000000000000e+02
1.581984044565443241e+02 4.886437039305213670e-02 5.698317597500000176e+01 5.274428595871309168e-03 5.000000000000000000e+02
1.958840286075352992e+02 5.170146148756370880e-02 5.633720909249999664e+01 5.271101189342806449e-03 5.000000000000000000e+02
1.759832464027070387e+02 4.728765420539220166e-02 4.297301945750000129e+01 5.203403872932418732e-03 5.000000000000000000e+02
3.578815040360901776e+02 7.819420104813806782e-02 7.550380251750000582e+01 5.372059627703336566e-03 5.000000000000000000e+02
1.107732739418421204e+02 2.952040291620639662e-02 2.660350057000000135e+01 5.123646441418826768e-03 5.000000000000000000e+02
1.969810711529638922e+02 6.038834719933127565e-02 5.560553329999999761e+01 5.267332292090225708e-03 5.000000000000000000e+02
6.848694040763837165e+01 1.946735473538977607e-02 1.683490546999999893e+01 5.077425890810306590e-03 5.000000000000000000e+02
9.544309599155573665e+01 2.672818305748063047e-02 3.349739220749999902e+01 5.156824538084199550e-03 5.000000000000000000e+02
4.198704520302200649e+02 9.354308803395766647e-02 8.924708937500000161e+01 5.447472544249722624e-03 5.000000000000000000e+02
3.363668841973985195e+02 8.597823264627400819e-02 8.563119190999999830e+01 5.427452743857297084e-03 5.000000000000000000e+02
2.590943138084329007e+02 6.307148910933751962e-02 6.444957426000000567e+01 5.313203246735328199e-03 5.000000000000000000e+02
2.016419247294512047e+02 4.756824570902005306e-02 4.994192781000000281e+01 5.238442119918266561e-03 5.000000000000000000e+02
1.958322516431812801e+02 3.782605281088641247e-02 4.155932156250000276e+01 5.196385022802301260e-03 5.000000000000000000e+02
4.998096563643302943e+02 9.937173148797913413e-02 9.755004290499999797e+01 5.494494143195235124e-03 5.000000000000000000e+02
9.513213925157133133e+01 2.458086473208650341e-02 2.376383628500000000e+01 5.110047785833914807e-03 5.000000000000000000e+02
4.206419241549361345e+02 9.723346612810518375e-02 9.785071801499999822e+01 5.496199152956924260e-03 5.000000000000000000e+02
4.720377131681914307e+02 7.756398336294251239e-02 7.910959772249999844e+01 5.391550359461172795e-03 5.000000000000000000e+02
8.507602405832069792e+01 3.157823295681901760e-02 3.492469481500000228e+01 5.163828417739518839e-03 5.000000000000000000e+02
2.012394567347768657e+02 4.918381913059306082e-02 5.606115651249999843e+01 5.269679229205550576e-03 5.000000000000000000e+02
3.977746986218002121e+02 7.254699593096636256e-02 7.802608046999999658e+01 5.385693525414085928e-03 5.000000000000000000e+02
2.762677407299560741e+02 6.228193710699510277e-02 6.974534903250000184e+01 5.341148481159474666e-03 5.000000000000000000e+02
5.940788137739047414e+01 1.424146432290169725e-02 2.102122826000000089e+01 5.096988560036539925e-03 5.000000000000000000e+02
2.702846910808423218e+02 5.608440179355619892e-02 6.033036137500000251e+01 5.291670109103327121e-03 5.000000000000000000e+02
3.354682740471782267e+02 7.949932688990193896e-02 7.985857543000000192e+01 5.395598876573081196e-03 5.000000000000000000e+02
2.310762549866104507e+02 3.788994241020708642e-02 4.698154701499999675e+01 5.223557930283291573e-03 5.000000000000000000e+02
8.674920915670259092e+01 1.831614823312380583e-02 2.643705284749999862e+01 5.122849352388575417e-03 5.000000000000000000e+02
3.736609476675924384e+02 8.406138916085002799e-02 8.618900977750000436e+01 5.430541161731635563e-03 5.000000000000000000e+02
1.923111416841690300e+02 5.576819168049558517e-02 5.427807504249999937e+01 5.260494490661109940e-03 5.000000000000000000e+02
1.508212559153515144e+02 6.376910425445311836e-02 6.575602818500000524e+01 5.320097263714308397e-03 5.000000000000000000e+02
1.289853602784635598e+02 3.898410104676987981e-02 4.582998868499999645e+01 5.217768130339850256e-03 5.000000000000000000e+02
3.082133915813177509e+02 8.358116476183952148e-02 8.011735310749999428e+01 5.396997671016558022e-03 5.000000000000000000e+02
1.143010217793341781e+02 2.967103869236294503e-02 3.829457575499999678e+01 5.180364673213652162e-03 5.000000000000000000e+02
2.223574408580299178e+02 6.863455488274859684e-02 6.641484043750000410e+01 5.323573745178968725e-03 5.000000000000000000e+02
2.625750935454606179e+02 5.882274002926232703e-02 5.312859357499999646e+01 5.254573456250568805e-03 5.000000000000000000e+02
1.245452704205140293e+02 3.966871272646088631e-02 4.021296696000000281e+01 5.189778361005603809e-03 5.000000000000000000e+02
2.135911283623150041e+02 2.877996472097407721e-02 4.261615511000000112e+01 5.201609631924261450e-03 5.000000000000000000e+02
1.617774874268366432e+02 4.183968506131975629e-02 3.958452015750000186e+01 5.186694525979063629e-03 5.000000000000000000e+02
1.752850603267161773e+02 4.605487444119005930e-02 3.725864899249999951e+01 5.175281303829927688e-03 5.000000000000000000e+02
8.109831487258512084e+01 2.704220712915800587e-02 2.851289978999999875e+01 5.132790220316929553e-03 5.000000000000000000e+02
2.515530554220224815e+02 6.816859047436095442e-02 6.649727780249999398e+01 5.324008758295878212e-03 5.000000000000000000e+02
4.486260309456578170e+02 8.572999055706093108e-02 8.658467559499999311e+01 5.432731807557500577e-03 5.000000000000000000e+02
1.629921956393258426e+02 4.938766843116145638e-02 4.628094416750000306e+01 5.220035442345723892e-03 5.000000000000000000e+02
2.981692210684367410e+02 8.253298424344870932e-02 8.066473249999999950e+01 5.399956470477544970e-03 5.000000000000000000e+02
2.757235480522940065e+02 7.189104941696135287e-02 7.262671847000000014e+01 5.356507864437132053e-03 5.000000000000000000e+02
3.125605437303323129e+02 9.927898932702469703e-02 9.395391324999999938e+01 5.474101912637564793e-03 5.000000000000000000e+02
